 0.00000000000
 0.00012589300
 0.00014125400
 0.00015848900
 0.00017782800
 0.00019952700
 0.00022387300
 0.00025118900
 0.00028183900
 0.00031622900
 0.00035481500
 0.00039810900
 0.00044668600
 0.00050119000
 0.00056234400
 0.00063096100
 0.00070795000
 0.00079433400
 0.00089125700
 0.00100000000
 0.00104713000
 0.00109648000
 0.00114815000
 0.00120226000
 0.00125893000
 0.00131826000
 0.00138038000
 0.00144544000
 0.00151356000
 0.00158489000
 0.00165959000
 0.00173780000
 0.00181970000
 0.00190546000
 0.00199526000
 0.00208929000
 0.00218776000
 0.00229087000
 0.00239883000
 0.00251188000
 0.00263027000
 0.00275423000
 0.00288403000
 0.00301995000
 0.00316227000
 0.00331131000
 0.00346736000
 0.00363078000
 0.00380189000
 0.00398107000
 0.00416869000
 0.00436515000
 0.00457088000
 0.00478629000
 0.00501186000
 0.00524807000
 0.00549540000
 0.00575439000
 0.00602559000
 0.00630956000
 0.00660692000
 0.00691830000
 0.00724435000
 0.00758576000
 0.00794327000
 0.00831762000
 0.00870962000
 0.00912009000
 0.00954990000
 0.00999998000
 0.01047130000
 0.01096480000
 0.01148150000
 0.01202260000
 0.01258920000
 0.01318250000
 0.01380380000
 0.01445440000
 0.01513560000
 0.01584890000
 0.01659580000
 0.01737800000
 0.01819700000
 0.01905460000
 0.01995260000
 0.02089290000
 0.02187760000
 0.02290860000
 0.02398830000
 0.02511880000
 0.02630260000
 0.02754220000
 0.02900000000
 0.03000000000
 0.03100000000
 0.03200000000
 0.03300000000
 0.03400000000
 0.03500000000
 0.03600000000
 0.03700000000
 0.03800000000
 0.03900000000
 0.04000000000
 0.04250000000
 0.04500000000
 0.04750000000
 0.05000000000
 0.05250000000
 0.05500000000
 0.05708800000
 0.06405380000
 0.07186960000
 0.08063900000
 0.09047849600
 0.10151800000
 0.11390600000
 0.12780400000
 0.14339900800
 0.16089600000
 0.18052899200
 0.20255699200
 0.22727200000
 0.25500400000
 0.28611900800
 0.32103100800
 0.36020300800
 0.40415398400
 0.45346899200
 0.50880099200
 0.57088396800
 0.64054297600
 0.71870099200
 0.80639603200
 0.90479200000
 1.01519002000
 1.13906995000
 1.27805005000
 1.43400000000
 1.60897997000
 1.68000000000
 1.70000000000
 1.80000000000
 1.90000000000
 2.00000000000
 2.10000000000
 2.20000000000
 2.30000000000
 2.40000000000
 2.50000000000
 2.60000000000
 2.75000013000
 3.00000000000
 3.24999987000
 3.50000000000
 3.75000013000
 4.00000000000
 4.24999987000
 4.49999974000
 4.75000013000
 5.00000000000
 5.24999987000
 5.50000026000
 5.75000013000
 6.00000000000
 6.24999987000
 6.49999974000
 6.75000013000
 7.00000000000
 7.24999987000
 7.50000026000
 7.75000013000
 8.00000000000
 8.24999987000
 8.49999974000
 8.75000013000
 8.99999949000
 9.24999987000
 9.50000026000
 9.74999962000
10.00000000000
10.25000040000
10.49999970000
10.75000010000
11.00000050000
11.24999990000
11.50000030000
11.74999960000
12.00000000000
12.25000040000
12.49999970000
12.75000010000
12.99999950000
13.24999990000
13.50000030000
13.74999960000
14.00000000000
14.25000040000
14.49999970000
14.75000010000
15.00000050000
15.24999990000
15.50000030000
15.74999960000
16.00000000000
16.25000040000
16.49999970000
16.75000010000
16.99999950000
17.25000090000
17.50000030000
17.74999960000
17.99999900000
18.25000040000
18.49999970000
18.74999910000
19.00000050000
19.24999990000
19.49999920000
19.75000060000
20.00000000000
